
 00                                                .
000192: 2018-05-17 09:29:18.0806469 +0.0000037

 00 F0 AA AA 00 06 01 00 01 82 5A 01 DC 10 43 0F   .™™.....ÇZ.‹.C.
 4B 12 19 00 00 00 00 00 00 00 09 FD 32 00 00 50   K..........˝2..P
 CC 0F 38 00 01 01 7C 00 00 00 00 00 00 00 00 00   Ã.8...|.........
 00 00 04 00 00 00 5A 09 05 13 8C 07 F8 00 03 55   ......Z...å.¯..U
 C0 00 00 00 00 00 53 08 F6 13 89 07 49 00 03 64   ¿.....S.ˆ.â.I..d
 91 00 00 00 00 00 02 08 E0 13 89 00 00 00 03 42   ë.......‡.â....B
 E1 00 00 00 00 10 09                              ·......
000610: 2018-05-17 09:29:21.1727762 +0.0000034


001866: 2018-05-17 09:29:52.6577382 +0.0000037

 00 AA AA 00 06 01 00 01 82 5A 01 DF 10 F6 10 CA   .™™.....ÇZ.ﬂ.ˆ. 
 12 41 00 00 00 00 00 00 00 09 FD 33 00 00 50 CC   .A........˝3..PÃ
 11 6B 00 01 01 86 00 00 00 00 00 00 00 00 00 00   .k...Ü..........
 00 04 00 00 00 61 09 05 13 8D 08 9A 00 03 55 C1   .....a...ç.ö..U¡
 00 00 00 00 00 64 08 F6 13 8A 08 C4 00 03 64 91   .....d.ˆ.ä.ƒ..dë
 00 00 00 00 00 02 08 D8 13 8A 00 00 00 03 42 E1   .......ÿ.ä....B·
 00 00 00 00 11 DA                                 .....⁄
002282: 2018-05-17 09:29:55.7798954 +0.0000045



 00                                                .

003170: 2018-05-17 09:30:18.2442708 +0.0000045

 00 7F F8                                          .¯

 